2: 2.0 1.4 50.0 13.1 1.4186038E7 
3: 3.0 2.0 50.0 12.8 1.41848095E7 
4: 4.0 3.0 49.2 12.4 1.4189781E7 
5: 5.0 3.2 50.0 13.0 1.4189222E7 
6: 6.0 4.3 50.0 12.4 1.4182266E7 
7: 7.0 5.0 49.7 12.7 1.4163883E7 
8: 8.0 5.8 49.0 11.9 1.4158258E7 
9: 9.0 6.4 49.0 12.2 1.416219E7 
10: 10.0 7.2 49.0 12.2 1.4163951E7 
11: 11.0 9.0 49.0 12.3 1.41614688E7 
12: 12.0 9.2 48.7 12.2 1.4156895E7 
13: 13.0 9.6 49.0 12.3 1.41432253E7 
14: 14.0 9.5 48.3 11.2 1.42046146E7 
15: 15.0 10.2 48.3 11.4 1.4201412E7 
16: 16.0 12.2 48.2 11.9 1.41304295E7 
17: 17.0 12.2 48.0 11.5 1.413845E7 
18: 18.0 13.4 48.0 11.3 1.4119816E7 
19: 19.0 13.8 48.0 10.9 1.417968E7 
20: 20.0 15.5 48.0 12.0 1.41056566E7 
21: 21.0 16.5 48.0 11.9 1.40860485E7 
22: 22.0 16.2 47.7 11.7 1.4122235E7 
23: 23.0 19.1 47.0 12.2 1.4109376E7 
24: 24.0 18.2 48.0 11.7 1.40982136E7 
25: 25.0 18.7 47.8 11.5 1.4079676E7 
26: 26.0 20.0 47.7 11.2 1.40625735E7 
27: 27.0 19.6 47.5 10.7 1.4133881E7 
28: 28.0 21.7 46.2 11.4 1.40780695E7 
29: 29.0 20.8 47.0 11.7 1.40721388E7 
30: 30.0 22.7 46.3 10.8 1.4145984E7 
31: 31.0 23.9 46.0 10.5 1.41520846E7 
32: 32.0 23.9 46.7 12.0 1.40178935E7 
33: 33.0 24.9 46.0 10.5 1.41397075E7 
34: 34.0 24.5 47.0 10.7 1.4172223E7 
35: 35.0 25.9 46.6 11.8 1.40149924E7 
36: 36.0 27.0 46.7 11.2 1.4061052E7 
37: 37.0 27.3 45.8 11.1 1.40941228E7 
38: 38.0 28.6 46.6 11.4 1.3994746E7 
39: 39.0 28.2 47.0 10.9 1.41570413E7 
40: 40.0 30.4 46.5 12.1 1.3997801E7 
41: 41.0 30.1 46.6 12.4 1.40381893E7 
42: 42.0 30.1 45.5 12.1 1.3921041E7 
43: 43.0 33.0 46.0 12.0 1.3969326E7 
44: 44.0 32.8 47.0 11.1 1.4072846E7 
45: 45.0 29.6 48.0 14.4 1.396679E7 
46: 46.0 32.3 45.2 11.2 1.40107575E7 
47: 47.0 34.5 46.0 14.0 1.3934646E7 
48: 48.0 35.4 45.5 12.1 1.387563E7 
50: 50.0 37.1 46.0 11.3 1.4053674E7 
52: 52.0 36.6 44.0 11.5 1.3863666E7 
53: 53.0 40.7 46.0 9.7 1.4150334E7 
55: 55.0 37.7 45.0 11.0 1.4079972E7 
59: 59.0 41.3 45.0 11.4 1.396519E7 


migCnt: [2, 3, 4, 5, 6, 7, 8, 9, 10, 11, 12, 13, 14, 15, 16, 17, 18, 19, 20, 21]
migTime: [1.4, 2.0, 3.0, 3.2, 4.3, 5.0, 5.8, 6.4, 7.2, 9.0, 9.2, 9.6, 9.5, 10.2, 12.2, 12.2, 13.4, 13.8, 15.5, 16.5]
pmCnt: [50, 50, 49, 50, 50, 49, 49, 49, 49, 49, 48, 49, 48, 48, 48, 48, 48, 48, 48, 48]
ban: [13.1, 12.8, 12.4, 13.0, 12.4, 12.7, 11.9, 12.2, 12.2, 12.3, 12.2, 12.3, 11.2, 11.4, 11.9, 11.5, 11.3, 10.9, 12.0, 11.9]
comCost: [14186038, 14184809, 14189781, 14189222, 14182266, 14163883, 14158258, 14162190, 14163951, 14161468, 14156895, 14143225, 14204614, 14201412, 14130429, 14138450, 14119816, 14179680, 14105656, 14086048]
