1: 1.0 0.5 50.0 12.4 1.4307246E7 
2: 2.0 1.3 50.0 12.2 1.4310951E7 
3: 3.0 2.2 50.0 12.1 1.43120736E7 
4: 4.0 3.0 49.7 12.0 1.43046074E7 
5: 5.0 3.9 49.6 11.9 1.43078676E7 
6: 6.0 3.8 49.7 11.8 1.42911395E7 
7: 7.0 5.4 49.7 11.7 1.42927305E7 
8: 8.0 6.3 49.3 12.0 1.4306344E7 
9: 9.0 6.5 49.5 11.6 1.4296463E7 
10: 10.0 7.7 48.8 11.5 1.42968724E7 
11: 11.0 7.7 49.0 11.7 1.4277744E7 
12: 12.0 8.8 49.0 11.5 1.42774502E7 
13: 13.0 9.3 48.5 11.4 1.42768526E7 
14: 14.0 10.4 48.8 11.6 1.42779104E7 
15: 15.0 10.2 48.4 10.9 1.42713472E7 
16: 16.0 11.3 48.8 11.7 1.42419135E7 
17: 17.0 12.4 48.2 11.0 1.4269412E7 
18: 18.0 13.3 48.1 11.1 1.4244188E7 
19: 19.0 13.5 48.6 11.7 1.42499836E7 
20: 20.0 15.4 48.1 11.7 1.42190857E7 
21: 21.0 15.5 48.0 11.2 1.42167633E7 
22: 22.0 16.4 47.6 11.3 1.42290266E7 
23: 23.0 17.1 47.7 11.3 1.42215662E7 
24: 24.0 18.3 47.6 11.3 1.42300106E7 
25: 25.0 18.1 48.2 11.3 1.42025168E7 
26: 26.0 19.2 47.1 10.6 1.42209993E7 
27: 27.0 20.1 47.2 10.7 1.42115955E7 
28: 28.0 21.4 47.0 10.7 1.41746436E7 
29: 29.0 21.7 47.0 10.9 1.418084E7 
30: 30.0 22.9 46.4 10.2 1.42098716E7 
31: 31.0 23.3 46.8 11.0 1.4162171E7 
32: 32.0 24.9 46.8 11.3 1.41844514E7 
33: 33.0 24.5 46.7 10.6 1.41741293E7 
34: 34.0 26.7 46.2 11.6 1.41503294E7 
35: 35.0 27.7 46.7 11.3 1.41345622E7 
36: 36.0 27.3 46.0 10.6 1.41585168E7 
37: 37.0 28.5 46.8 11.1 1.41644797E7 
38: 38.0 28.9 46.7 10.5 1.41517311E7 
39: 39.0 31.5 47.0 12.4 1.4077279E7 
40: 40.0 31.2 45.5 10.1 1.41725825E7 
41: 41.0 31.9 46.5 10.9 1.41301133E7 
42: 42.0 34.3 46.2 11.9 1.406772E7 
43: 43.0 34.5 46.0 10.9 1.412647E7 
44: 44.0 33.6 45.5 10.2 1.41368816E7 
45: 45.0 35.3 46.4 11.2 1.40875862E7 
46: 46.0 36.4 46.6 10.5 1.4086772E7 
47: 47.0 37.0 45.0 11.1 1.4065758E7 
49: 49.0 38.2 46.5 11.3 1.4041308E7 
50: 50.0 37.6 46.5 11.2 1.4023622E7 
51: 51.0 42.7 45.0 10.3 1.4103192E7 
52: 52.0 41.2 44.0 9.5 1.4137806E7 
53: 53.0 37.4 45.0 10.5 1.398988E7 
54: 54.0 40.3 45.5 11.8 1.3917163E7 
55: 55.0 43.5 44.0 9.4 1.4176512E7 
57: 57.0 49.7 45.0 10.6 1.4041342E7 
58: 58.0 45.6 44.0 9.7 1.411024E7 
59: 59.0 43.6 45.0 11.3 1.3921978E7 
65: 65.0 49.9 46.0 12.1 1.402343E7 
71: 71.0 52.9 48.0 13.5 1.3971759E7 
consolidation time:[]


migCnt: [1, 2, 3, 4, 5, 6, 7, 8, 9, 10, 11, 12, 13, 14, 15, 16, 17, 18, 19, 20, 21, 22, 23, 24, 25, 26, 27, 28, 29, 30]
migTime: [0.5, 1.3, 2.2, 3.0, 3.9, 3.8, 5.4, 6.3, 6.5, 7.7, 7.7, 8.8, 9.3, 10.4, 10.2, 11.3, 12.4, 13.3, 13.5, 15.4, 15.5, 16.4, 17.1, 18.3, 18.1, 19.2, 20.1, 21.4, 21.7, 22.9]
pmCnt: [50, 50, 50, 49, 49, 49, 49, 49, 49, 48, 49, 49, 48, 48, 48, 48, 48, 48, 48, 48, 48, 47, 47, 47, 48, 47, 47, 47, 47, 46]
ban: [12.4, 12.2, 12.1, 12.0, 11.9, 11.8, 11.7, 12.0, 11.6, 11.5, 11.7, 11.5, 11.4, 11.6, 10.9, 11.7, 11.0, 11.1, 11.7, 11.7, 11.2, 11.3, 11.3, 11.3, 11.3, 10.6, 10.7, 10.7, 10.9, 10.2]
comCost: [14307246, 14310951, 14312073, 14304607, 14307867, 14291139, 14292730, 14306344, 14296463, 14296872, 14277744, 14277450, 14276852, 14277910, 14271347, 14241913, 14269412, 14244188, 14249983, 14219085, 14216763, 14229026, 14221566, 14230010, 14202516, 14220999, 14211595, 14174643, 14180840, 14209871]
