56.0 86.0 1.1659906E7 28.8 94.6 
60.0 88.0 1.1635734E7 28.9 86.7 
57.0 91.0 1.2078678E7 29.5 81.3 
34.0 94.0 1.1623826E7 31.0 57.3 
58.0 87.0 1.1610514E7 25.3 88.8 
54.0 89.0 1.1701092E7 27.5 71.9 
50.0 88.0 1.1580026E7 27.0 78.0 
59.0 92.0 1.177092E7 28.8 99.9 
43.0 90.0 1.1851358E7 28.3 67.1 
33.0 91.0 1.1744164E7 28.5 49.7 
64.0 85.0 1.1721218E7 28.3 95.7 
59.0 91.0 1.176962E7 30.5 84.8 
33.0 90.0 1.2047628E7 26.0 54.9 
28.0 93.0 1.1877984E7 27.6 39.6 
60.0 87.0 1.167083E7 28.2 92.1 
56.0 87.0 1.1696352E7 26.8 79.6 
22.0 96.0 1.1948682E7 28.9 35.4 
57.0 89.0 1.1689792E7 26.6 83.0 
49.0 92.0 1.1849048E7 27.3 76.8 
50.0 87.0 1.1807684E7 25.3 77.3 
