0.0 96.0 1.1835452E7 28.6 0.0 
0.0 97.0 1.1819382E7 30.9 0.0 
0.0 99.0 1.2192538E7 31.6 0.0 
0.0 99.0 1.1691026E7 33.8 0.0 
0.0 99.0 1.1736272E7 30.0 0.0 
0.0 98.0 1.184217E7 30.7 0.0 
0.0 97.0 1.1698408E7 30.3 0.0 
0.0 97.0 1.1920406E7 33.0 0.0 
0.0 99.0 1.1939208E7 31.0 0.0 
0.0 97.0 1.1825644E7 30.1 0.0 
0.0 96.0 1.1842688E7 31.7 0.0 
0.0 100.0 1.1896862E7 34.4 0.0 
0.0 96.0 1.2053384E7 28.4 0.0 
0.0 97.0 1.1967622E7 28.4 0.0 
0.0 97.0 1.1758348E7 31.0 0.0 
0.0 97.0 1.1774042E7 31.4 0.0 
0.0 99.0 1.1945422E7 30.3 0.0 
0.0 97.0 1.1746678E7 31.1 0.0 
0.0 100.0 1.1911492E7 31.2 0.0 
0.0 97.0 1.1793402E7 29.7 0.0 
