56.0 98.0 1.1761398E7 26.2 336.0 
63.0 99.0 1.1779646E7 25.9 167.5 
61.0 99.0 1.2161104E7 24.6 369.6 
64.0 100.0 1.156906E7 30.3 57.6 
59.0 100.0 1.1606446E7 27.3 -63.8 
57.0 98.0 1.1809996E7 22.3 129.9 
62.0 98.0 1.1654792E7 24.1 222.8 
67.0 97.0 1.1765534E7 28.9 102.2 
61.0 100.0 1.192991E7 26.6 251.7 
55.0 97.0 1.1809256E7 21.6 190.8 
65.0 100.0 1.1824558E7 23.8 179.4 
63.0 100.0 1.1845346E7 24.7 190.4 
57.0 100.0 1.201451E7 22.0 169.0 
56.0 99.0 1.1980584E7 23.6 267.8 
65.0 99.0 1.168004E7 23.8 327.5 
63.0 100.0 1.1772378E7 23.1 250.4 
57.0 100.0 1.1897606E7 25.6 166.1 
61.0 100.0 1.1674404E7 23.8 140.0 
53.0 100.0 1.1874154E7 25.7 184.0 
58.0 98.0 1.1770276E7 23.9 379.5 
