69.0 99.0 1.1844562E7 19.0 481.4 
73.0 99.0 1.183697E7 18.6 424.9 
69.0 100.0 1.218273E7 19.6 344.2 
70.0 100.0 1.1701422E7 18.8 327.8 
59.0 99.0 1.175403E7 17.2 215.1 
62.0 99.0 1.189117E7 18.2 378.3 
70.0 99.0 1.1674306E7 18.2 582.2 
74.0 97.0 1.1883712E7 16.0 348.3 
68.0 99.0 1.1919752E7 17.8 383.4 
60.0 99.0 1.182102E7 18.1 640.4 
70.0 99.0 1.1871152E7 17.7 350.5 
69.0 100.0 1.1924838E7 19.2 505.4 
64.0 98.0 1.2068722E7 18.3 234.9 
59.0 98.0 1.1982214E7 16.2 516.7 
74.0 98.0 1.1758264E7 16.5 523.6 
72.0 98.0 1.1820098E7 17.6 312.2 
60.0 99.0 1.1956264E7 17.6 258.9 
71.0 98.0 1.1724586E7 17.4 308.0 
56.0 100.0 1.1910806E7 18.5 335.3 
62.0 100.0 1.1796412E7 19.4 335.9 
